              precision    recall  f1-score   support

           0       0.75      0.69      0.72       411
           1       0.75      0.73      0.74       386
           2       0.90      0.91      0.90       328
           3       0.91      1.00      0.95        84
           4       0.97      0.93      0.95        75
           5       0.96      1.00      0.98        26
           6       0.46      1.00      0.63        16
           7       0.93      0.93      0.93        15
           8       0.62      0.83      0.71        12
           9       0.78      1.00      0.88        18

    accuracy                           0.80      1371
   macro avg       0.80      0.90      0.84      1371
weighted avg       0.81      0.80      0.80      1371
